2018
1
0
0
155.1
3.36
0
158.46
0
P
10661458
3
37504210223
MARKKO KEINANEN
10
140
0.3
140
330
155.1
140
2.24
1.12
0
610
137.76
37504210223
MARKKO KEINANEN
10
140
0.3
140
330
155.1
140
2.24
1.12
0
610
137.76
37504210223
MARKKO KEINANEN
10
140
0.3
140
330
155.1
140
2.24
1.12
0
610
137.76
140
155.1
2.14
1.12
0
2018
4
0
0
0
NaN
0
0
0
P
10661458
1


10
0
1
140
330
0
140
0
0
0
610
0
140
0
0
0
0
2018
4
10
0
181
NaN
0
0
0
P
10661458
1
34
homo
10
371
1
140
330
181
140
6
4
10
610
371
140
181
6
4
10
2018
4
0
0
0
NaN
0
0
0
P
10661458
1

sad
10
0
1
140
330
0
140
0
0
0
610
0
140
0
0
0
0
2018
4
10
0
181
NaN
0
0
0
P
10661458
1
23
dfs
10
400
1
140
330
181
140
6
4
10
610
400
140
181
6
4
10
2018
4
10
0
181
NaN
0
0
0
P
10661458
1
678
ghjk
10
535
1
140
330
181
140
6
4
10
610
535
140
181
6
4
10
2018
4
10
0
181
NaN
8
0
0
P
10661458
1
678
ghjk
10
527
1
140
330
181
140
6
4
10
610
527
140
181
6
4
10
2018
4
11
0
183
NaN
0
0
0
P
10661458
1
14152121
Bla BLa
10
539
1
140
330
183
140
6
4
11
610
539
140
183
6
4
11
2018
4
0
0
155
NaN
0
0
0
P
10661458
1
37504210223
MARKKO KEINANEN
10
138
0.3
140
330
155
140
1
1
0
610
138
140
155
1
1
0
2018
4
0
0
155
NaN
0
0
0
P
10661458
1
37504210223
MARKKO KEINANEN
10
138
0.3
140
330
155
140
1
1
0
610
138
140
155
1
1
0
2018
4
0
0
155
NaN
0
0
0
P
10661458
1
37504210223
MARKKO KEINANEN
10
138
1
140
330
155
140
1
1
0
610
138
140
155
1
1
0
